A = [1, 2, 3, 4, 1, 2, 3, 4; 
     3, 4, 1, 2, 1, 2, 3, 4;
     2, 1, 3, 4, 1, 2, 3, 4;
     4, 3, 2, 1, 1, 2, 3, 4;
     1, 2, 3, 4, 1, 2, 3, 4;
     1, 2, 3, 4, 1, 2, 3, 4;
     1, 2, 3, 4, 1, 2, 3, 4;
     1, 2, 3, 4, 1, 2, 3, 4;];
B = [5, 6, 7, 8, 5, 6, 7, 8;
     8, 7, 6, 5, 5, 6, 7, 8;
     5, 6, 8, 7, 5, 6, 7, 8;
     7, 8, 6, 5, 5, 6, 7, 8;
     7, 8, 6, 5, 5, 6, 7, 8;
     7, 8, 6, 5, 5, 6, 7, 8;
     7, 8, 6, 5, 5, 6, 7, 8;
     7, 8, 6, 5, 5, 6, 7, 8;];
C = zeros(8);
C = A * B
% C = C_SquareMatrixMultiplyRecursive(A, B, 1, 8, 1, 8, 1, 8, 1, 8)